0 0001
1 0003
2 0004
3 0007
4 0008
5 0010
6 0011
7 0012
8 0013
9 0015
10 0016
11 0017
12 0018
13 0019
14 0020
15 0021
16 0022
17 0023
18 0024
19 0025
20 0026
21 0028
22 0029
23 0031
24 0032
25 0033
26 0034
27 0036
28 0037
29 0039
30 0040
31 0041
32 0043
33 0044
34 0045
35 0046
36 0047
37 0048
38 0049
39 0050
40 0051
41 0052
42 0053
43 0054
44 0055
45 0056
46 0057
47 0058
48 0059
49 0060
50 0062
51 0064
52 0067
53 0068
54 0069
55 0070
56 0071
57 0072
58 0073
59 0075
60 0076
61 0077
62 0078
63 0079
64 0080
65 0081
66 0082
67 0083
68 0084
69 0085
70 0087
71 0088
72 0091
73 0092
74 0093
75 0094
76 0095
77 0097
78 0098
79 0099
80 0100
81 0103
82 0107
83 0109
84 0111
85 0112
86 0114
87 0115
88 0116
89 0119
90 0120
91 0121
92 0123
93 0124
94 0125
95 0127
96 0128
97 0131
98 0133
99 0136
100 0137
101 0138
102 0139
103 0140
104 0141
105 0146
106 0147
107 0148
108 0149
109 0152
110 0153
111 0155
112 0156
113 0157
114 0158
115 0159
116 0160
117 0161
118 0163
119 0164
120 0165
121 0167
122 0168
123 0169
124 0170
125 0171
126 0175
127 0176
128 0178
129 0181
130 0184
131 0185
132 0186
133 0187
134 0189
135 0190
136 0191
137 0193
138 0194
139 0195
140 0198
141 0199
142 0200
143 0201
144 0202
145 0203
146 0204
147 0206
148 0208
149 0209
150 0210
151 0211
152 0212
153 0213
154 0214
155 0215
156 0217
157 0220
158 0221
159 0222
160 0223
161 0224
162 0225
163 0226
164 0227
165 0228
166 0229
167 0230
168 0232
169 0233
170 0234
171 0235
172 0236
173 0238
174 0239
175 0242
176 0243
177 0244
178 0245
179 0246
180 0248
181 0250
182 0251
183 0252
184 0253
185 0254
186 0255
187 0256
188 0257
189 0258
190 0259
191 0260
192 0261
193 0263
194 0264
195 0265
196 0266
197 0267
198 0268
199 0269
200 0270
201 0271
202 0272
203 0274
204 0275
205 0276
206 0277
207 0278
208 0279
209 0280
210 0282
211 0283
212 0284
213 0285
214 0286
215 0287
216 0289
217 0290
218 0291
219 0292
220 0293
221 0297
222 0301
223 0302
224 0303
225 0304
226 0305
227 0307
228 0308
229 0309
230 0311
231 0312
232 0313
233 0314
234 0316
235 0317
236 0320
237 0321
238 0323
239 0324
240 0325
241 0328
242 0329
243 0330
244 0331
245 0333
246 0334
247 0335
248 0336
249 0338
250 0339
251 0340
252 0341
253 0342
254 0343
255 0345
256 0346
257 0347
258 0348
259 0349
260 0350
261 0351
262 0352
263 0353
264 0354
265 0355
266 0356
267 0358
268 0359
269 0360
270 0362
271 0363
272 0364
273 0366
274 0367
275 0370
276 0372
277 0374
278 0375
279 0376
280 0377
281 0378
282 0379
283 0381
284 0382
285 0383
286 0384
287 0386
288 0387
289 0389
290 0390
291 0393
292 0394
293 0395
294 0396
295 0397
296 0399
297 0400
298 0401
299 0403
300 0406
301 0407
302 0408
303 0409
304 0410
305 0411
306 0412
307 0413
308 0414
309 0415
310 0419
311 0422
312 0423
313 0424
314 0425
315 0426
316 0428
317 0429
318 0430
319 0431
320 0432
321 0433
322 0434
323 0435
324 0436
325 0437
326 0438
327 0439
328 0440
329 0441
330 0442
331 0443
332 0444
333 0445
334 0447
335 0448
336 0449
337 0451
338 0452
339 0453
340 0454
341 0455
342 0457
343 0458
344 0459
345 0460
346 0462
347 0463
348 0464
349 0465
350 0466
351 0468
352 0469
353 0470
354 0471
355 0472
356 0474
357 0475
358 0478
359 0479
360 0481
361 0483
362 0484
363 0487
364 0488
365 0490
366 0491
367 0492
368 0493
369 0495
370 0496
371 0497
372 0498
373 0499
374 0500
375 0501
376 0502
377 0503
378 0504
379 0505
380 0506
381 0508
382 0509
383 0511
384 0512
385 0513
386 0514
387 0516
388 0517
389 0519
390 0520
391 0521
392 0523
393 0524
394 0525
395 0526
396 0527
397 0528
398 0529
399 0530
400 0531
401 0532
402 0533
403 0534
404 0535
405 0536
406 0537
407 0538
408 0539
409 0540
410 0542
411 0544
412 0547
413 0548
414 0549
415 0550
416 0551
417 0552
418 0553
419 0555
420 0556
421 0557
422 0558
423 0559
424 0560
425 0561
426 0562
427 0563
428 0564
429 0565
430 0567
431 0568
432 0571
433 0572
434 0573
435 0574
436 0575
437 0577
438 0578
439 0579
440 0580
441 0583
442 0587
443 0589
444 0591
445 0592
446 0594
447 0595
448 0596
449 0599
450 0600
451 0601
452 0603
453 0604
454 0605
455 0607
456 0608
457 0611
458 0613
459 0616
460 0617
461 0618
462 0619
463 0620
464 0621
465 0626
466 0627
467 0628
468 0629
469 0632
470 0633
471 0635
472 0636
473 0637
474 0638
475 0639
476 0640
477 0641
478 0643
479 0644
480 0645
481 0647
482 0648
483 0649
484 0650
485 0651
486 0655
487 0656
488 0658
489 0661
490 0664
491 0665
492 0666
493 0667
494 0669
495 0670
496 0671
497 0673
498 0674
499 0675
500 0678
501 0679
502 0680
503 0681
504 0682
505 0683
506 0684
507 0686
508 0688
509 0689
510 0690
511 0691
512 0692
513 0693
514 0694
515 0695
516 0697
517 0700
518 0701
519 0702
520 0703
521 0704
522 0705
523 0706
524 0707
525 0708
526 0709
527 0710
528 0713
529 0714
530 0715
531 0716
532 0718
533 0719
534 0722
535 0723
536 0724
537 0725
538 0726
539 0728
540 0730
541 0731
542 0732
543 0733
544 0734
545 0735
546 0736
547 0737
548 0738
549 0739
550 0740
551 0741
552 0743
553 0744
554 0745
555 0746
556 0747
557 0748
558 0749
559 0750
560 0751
561 0752
562 0754
563 0755
564 0756
565 0757
566 0758
567 0759
568 0760
569 0762
570 0763
571 0764
572 0765
573 0766
574 0767
575 0769
